  [1] -0.5981955949 -2.1989135373 -0.0903787286 -1.9522168718 -1.3408272883 -1.4140552023 -1.9783558313 -5.6217621749 -2.4078654272 -1.2552650778 -3.1121798447 -0.1869409045
  [13] -1.5722091530 -1.3390241180 -3.5057922598 -3.4134385062 -0.5658976642 -0.7111685009 -4.1523150072 -0.9051632315 -0.6103036761 -0.2579843278 -3.5944438695 -1.6856575636
  [25] -2.9332857328 -1.8290841790 -0.2653845297 -0.9763331783 -1.2169508831 -2.5792640145 -1.4345241904 -0.4069995856 -0.8422534602 -0.0482679866 -3.9145782884 -1.5380994536
  [37] -4.9142155721 -1.4657433761 -1.4549871853 -0.5104880264 -2.5967322932 -1.0470192881 -0.3331250795 -0.3890601843 -0.7933174427 -0.6664641599 -6.1495700797 -1.1442173770
  [49] -1.4142733414 -3.5056486298 -0.0750002721 -0.3133848439 -0.0481648562 -0.6425090355 -0.0501454714 -4.6164752934 -1.4175634092 -1.6269440580 -0.6046213757 -0.2333039651
  [61] -0.5244102973 -2.4019015438 -1.5647302444 -1.6950595321 -1.0680987408 -0.7885116423 -1.2977991225 -0.1401081806 -0.3093519774 -1.6192570914 -1.8317262894 -8.0242510860
  [73] -0.0106970961 -0.2992996357 -0.7920974036 -0.6158343146 -2.4525074541 -0.4382821928 -2.8956654581 -0.2499405956 -0.2353299405 -0.4311424552 -0.5723843846 -2.1087049370
  [85] -1.2416922026 -7.1159757199 -3.2114758155 -1.6277804129 -1.4610893006 -1.0148308168 -0.2969446907 -0.5895643129 -1.0797747923 -1.0146818364 -3.4238811497 -1.4041718453
  [97] -4.5466103940 -0.0643952868 -0.0104298755 -2.4903354987 -0.1402415200 -0.8384221125 -3.1941206894 -0.3169668222 -1.5440182721 -0.2950930181 -1.8246761754 -0.2683761731
 [109] -2.2318880123 -0.4819856755 -2.8012654866 -3.2979655989 -0.3861382684 -0.0458396868 -0.4610041124 -1.7769425917 -0.1759983756 -0.3860194034 -1.8794445716 -1.8977235938
 [121] -1.0739443293 -1.1991161661 -0.8073831626 -0.1241813793 -0.8146414287 -2.3148652441 -0.6228149716 -0.7957602999 -0.0998598524 -1.2956561821 -2.3194541818 -0.6290174602
 [133] -1.0158416386 -0.5313794792 -0.2855376828 -0.4330049371 -3.0204398160 -3.3704143174 -1.3692174395 -3.3266429988 -1.9633233585 -3.1903416480 -0.4750376355 -2.0416659429
 [145] -1.4432870096 -0.0473527606 -1.7265165702 -2.3456103878 -1.5649768747 -4.1237980683 -2.5477876362 -5.3314008564 -0.7226324886 -1.0963452167 -2.5170683795 -0.0777153043
 [157] -2.5315814738 -0.7847302755 -1.2151976607 -0.3727698406 -1.3148100106 -0.0780144613 -2.3324033817 -1.4304526482 -1.3251050225 -1.1003611285 -1.0674802958 -2.4420136998
 [169] -0.8047175439 -1.4916167954 -0.0549997448 -0.5728988257 -0.1693622025 -2.8053891601 -1.7115440734 -0.3270564879 -0.9830897302 -0.0787812619 -1.8878666352 -0.0801669310
 [181] -2.8499685118 -0.4168091073 -1.2907314709 -0.7157930614 -3.7326409775 -4.8249160873 -2.9056662786 -1.1153473218 -0.7643884535 -0.4271892957 -0.5273904879 -0.0022940003
 [193] -1.0100305674 -0.7282737873 -2.0982584522 -0.5942034116 -0.2727540393 -0.9457333504 -0.1672028266 -0.0962618893 -2.0739548936 -2.0536399608 -0.6190701454 -1.1626949571
 [205] -0.4591661630 -1.4479874969 -0.2043553595 -0.4037381396 -0.6634676288 -1.1008630148 -0.4592696323 -0.4177952924 -0.4305892367 -1.2391226330 -0.5464308731 -1.1585808669
 [217] -0.8995315522 -0.2791793115 -1.7850716455 -4.4200298337 -1.0092372707 -0.5942203926 -0.5146637978 -0.4256842168 -1.5134139830 -4.9456148144 -1.9979671192 -0.3852933269
 [229] -2.5812945198 -1.1902313106 -5.9618317313 -1.9280663496 -1.4127520472 -2.3092746510 -1.6128300855 -1.3762248536 -0.9956165899 -0.8103349475 -2.1893968623 -1.6557300712
 [241] -0.7147724673 -5.3920683582 -0.2245842857 -0.4645216512 -1.1206626415 -3.1695900569 -1.4082349187 -0.7540348993 -1.4718453562 -3.4509985282 -2.6243524918 -1.0775607375
 [253] -0.5761047693 -1.3613820664 -2.6707290297 -4.0804403057 -0.1136209360 -0.4880569868 -0.4882124741 -2.7129647870 -0.1886889752 -3.0659953730 -1.0284367312 -1.0139273342
 [265] -3.3821982613 -1.7517399475 -2.5604708998 -0.8449133076 -2.6516690463 -2.1645970794 -1.0100625847 -0.3596070657 -2.2709621195 -5.9952033247 -3.0105919445 -1.4208949253
 [277] -1.1288452750 -1.3240683761 -0.3687956918 -0.0049795164 -2.2944727252 -2.0719534949 -0.7497594188 -1.7608893611 -0.0589471667 -1.8591483198 -1.5594006817 -3.0866451315
 [289] -0.6828916784 -0.0136447980 -2.1457349461 -2.8118363460 -0.1994105120 -0.2773361640 -0.3027862098 -0.7269546194 -1.8185494010 -1.8420333731 -0.0787181014 -1.2296912069
 [301] -0.5733426971 -2.3707825282 -0.2748509482 -0.5055961034 -1.2821954360 -1.7064856533 -0.0840939654 -0.0335322174 -0.0883753416 -1.2233234650 -0.0298679666 -1.1266022183
 [313] -0.1325189662 -1.9409865471 -1.4972567898 -0.1593532134 -2.1656885404 -1.4692337176 -2.2082709128 -0.1577055078 -3.0127114471 -1.3513554201 -1.0361266572 -0.2806069751
 [325] -1.2272122549 -0.4971588478 -0.2658499013 -0.2233049314 -1.6746620950 -1.9959903984 -0.5213050238 -3.8555698137 -1.0084614533 -4.0360634891 -0.7090602172 -3.1667746227
 [337] -2.0030224208 -2.5953094293 -0.6502130942 -0.5423304381 -1.8651355547 -0.2972951553 -2.5697097835 -0.3855683555 -0.1770384613 -0.2544133475 -0.0318600139 -2.1721130178
 [349] -0.0787141073 -2.5658071307 -7.7102688865 -2.5248975858 -0.2739872568 -2.3190188877 -0.8501566348 -2.0477654914 -2.1333643407 -0.1653706851 -0.8691009858 -1.0692172181
 [361] -1.5401756882 -2.0363179479 -0.3558914137 -1.7615415824 -1.1638385780 -1.2532451166 -0.7781479899 -1.5220895687 -1.3802523306 -1.6971025423 -2.1253885492 -0.7311263152
 [373] -1.1222448830 -1.6899254358 -2.8756040317 -3.5360443761 -0.7610025486 -1.9504744308 -1.5320908234 -1.0626370717 -0.4594624654 -1.7466475770 -0.1629389633 -0.9320075068
 [385] -0.2266536544 -0.4013238831 -1.2046458912 -0.1321758272 -0.5790898362 -2.0912672870 -4.2794736825 -0.1211524525 -0.9482251217 -0.4530392387 -0.5285460603 -0.6303838495
 [397] -0.1830153979 -4.1307736105 -4.1611638419 -1.4446425174 -0.9208279461 -0.0576895044 -0.9972167452 -0.9943385898 -1.3721677081 -0.3518692546 -0.1278157842 -0.7925111570
 [409] -1.4549545507 -1.1523650127 -0.4605184414 -4.9944118491 -0.1478497126 -2.4224859600 -0.6466963587 -1.7070298614 -1.5625431023 -3.9059025796 -1.9101005158 -1.7442280737
 [421] -0.0565453015 -0.7757339528 -0.1799137664 -0.7753003321 -0.1865893829 -7.7856734145 -3.6347777389 -0.8263952925 -1.1284630225 -2.1722082978 -1.2692024829 -0.2075043686
 [433] -1.3008960023 -1.4064286408 -0.1858823237 -0.6862117446 -2.5173912817 -1.9821841032 -0.5452281395 -0.5784837731 -0.9898575336 -0.5370760965 -1.3971970149 -0.8227333542
 [445] -2.3242107714 -1.5844502568 -2.5392785334 -0.0040070971 -1.6532716873 -0.0044181959 -2.4128762084 -2.7189849115 -1.4170091823 -0.3595676906 -4.3447781690 -1.8552466939
 [457] -1.1724659360 -0.6863958484 -0.7651462105 -1.0808142616 -0.6738724698 -2.9125678645 -0.2511371395 -3.0080611812 -0.8543597964 -2.2432093288 -1.9363462128 -1.1058517905
 [469] -2.4867486434 -1.3509895307 -0.2145955868 -3.9039407840 -0.8679811818 -1.3748097747 -3.8284042187 -0.5438345896 -0.0773245990 -0.7186871168 -2.0508304922 -0.8630144177
 [481] -2.6980296263 -0.2201276761 -1.6109575075 -0.7065815662 -0.7608419044 -1.1926217279 -1.8726711295 -1.1559184142 -2.0190972058 -0.5451453630 -0.7588488749 -0.0057573207
 [493] -3.1669434064 -1.7069747682 -3.3564650830 -1.0392556202 -4.0277367149 -1.8755925223 -1.6359844411 -4.7975781402 -0.9958946219 -0.4218571640 -1.3898169843 -1.6981757809
 [505] -1.8430622216 -1.5712534489 -0.5111834693 -0.2193397619 -1.5415518663 -1.6818708227 -0.5976551448 -5.3250188931 -0.3818038023 -0.8162950093 -0.5592339229 -1.3452233924
 [517] -1.5487502289 -0.8320900302 -0.7945452958 -1.5358874784 -1.2447317537 -1.2375844378 -0.8185929465 -0.7901819794 -0.5064078287 -0.3673433334 -0.7557771254 -0.0669808898
 [529] -1.6861276674 -0.7746906160 -4.8286076609 -0.6334807272 -1.4576271049 -0.3100795461 -1.1835843667 -1.3964170196 -1.6282567844 -3.8076127586 -1.1935414614 -4.3851934960
 [541] -0.9369346309 -0.4964410890 -1.1065585685 -1.4689595372 -3.2038895065 -1.3642302319 -0.8688067916 -1.7123536518 -1.0752157122 -0.7488009672 -1.8843791949 -0.6014673775
 [553] -0.1909233439 -2.0307978882 -0.0766391956 -0.0784212056 -4.6784011198 -0.6551207589 -3.0945226056 -1.3421764421 -0.8855876491 -0.2178719977 -1.8326794395 -0.1342022419
 [565] -2.5752750884 -0.2194222173 -0.0272862443 -2.4575698841 -0.7618667293 -0.7486440910 -3.5988594095 -4.6016639754 -0.2681476876 -0.2760264115 -2.3009827515 -0.2217472142
 [577] -0.8783334296 -1.1312428646 -1.6677835715 -0.0697645803 -0.8840272174 -3.1102704425 -4.6517257348 -0.1333968782 -0.3974052678 -1.3539402415 -0.0869293483 -0.5715181315
 [589] -0.9086178396 -0.1687097809 -0.4057511676 -0.7817402073 -1.0524032636 -1.8998950995 -0.6969880893 -2.2147115782 -1.8790616662 -0.9529499958 -1.2425734779 -1.6527978469
 [601] -0.4374619972 -3.3449640337 -1.8711717962 -0.2528275883 -0.3111447956 -0.9343272468 -0.6967670964 -3.3179043109 -0.8262076878 -0.7687486049 -0.8644656981 -1.4644099260
 [613] -0.6502736406 -1.9995770215 -0.8893362712 -0.5307240201 -2.8854076328 -0.0591115663 -0.6109344743 -0.0439297904 -0.0611318576 -0.1704229363 -3.7175974214 -0.6664840953
 [625] -4.3519513829 -1.4546685327 -0.0443401362 -3.0156343945 -0.5488922065 -1.6547706338 -0.5258199410 -0.3211951747 -0.2745454994 -0.1267246386 -1.5759276310 -0.0907396799
 [637] -0.6446941045 -2.0271011454 -2.2482135802 -0.2139016193 -0.1087722782 -0.0372983983 -0.4915345228 -2.3037124945 -0.2560040986 -4.0383023019 -1.2383083539 -0.1880297633
 [649] -2.3251237413 -0.8301083425 -0.2113183254 -0.4065228575 -0.3971526916 -0.3259181625 -1.8670798911 -3.1163597315 -1.0771257380 -0.9990168404 -1.7188211787 -0.8410778798
 [661] -0.8863153127 -0.2078179035 -2.1467636366 -0.8505978685 -0.7914273626 -1.8331965932 -0.4168942101 -0.7522700254 -2.7838588354 -1.7746763549 -0.0960317313 -2.8208539263
 [673] -2.8928235594 -5.2461490779 -4.8490099013 -1.6492747449 -2.2761525223 -0.4064987400 -0.3828997241 -0.3366569725 -5.9003679761 -0.5148904714 -2.3246953233 -0.9817972305
 [685] -0.3329263093 -0.7281058883 -1.8484498054 -0.3655568603 -2.7319336057 -2.8625737900 -0.7511859760 -0.9154800621 -0.3795177561 -0.3055885238 -0.0728357079 -2.1299283320
 [697] -0.0422058096 -2.5057848083 -1.3287147077 -0.5642072878 -3.2403376333 -3.4015279054 -0.3570570563 -0.7855757582 -0.6347845504 -1.1525705077 -0.6617670767 -2.5531633274
 [709] -0.3655329294 -1.0298954755 -3.1988548726 -1.7239766653 -0.2963559579 -3.6034062762 -2.3650205595 -0.2795300683 -0.1546781847 -0.7050703791 -0.5088999994 -0.4906819432
 [721] -0.0108679578 -0.0829682245 -0.0007304252 -0.0585290709 -0.3233160865 -3.7311511090 -1.2557115685 -0.1655835159 -1.4059576086 -1.2332441159 -0.7341803497 -3.0995079497
 [733] -1.0293388270 -0.6799685818 -2.0626562863 -2.1219898420 -0.5117771165 -0.7074038529 -1.8074745433 -2.8021569102 -2.4523323446 -0.9889337114 -1.9292955236 -0.4792038617
 [745] -2.2436626980 -0.0167541986 -3.1151477988 -0.5048617687 -2.8847286081 -3.6551769083 -0.6706646102 -0.8705731398 -6.1195677444 -0.2766564897 -1.6344389119 -1.1149661597
 [757] -1.0850542713 -0.0903006308 -3.1300702623 -0.1113895992 -0.8060904914 -1.9566158802 -2.2422772347 -6.1132891384 -2.2726664958 -2.7599001830 -1.2167248758 -0.4897047026
 [769] -1.4257333922 -1.4029898669 -1.3793133515 -2.9839146223 -2.6544256286 -0.4241302527 -0.6755904490 -0.8096421182 -0.4626590492 -0.7063208136 -0.2992358066 -1.7016103550
 [781] -0.9986126443 -4.3166418575 -1.0255662700 -0.3059862883 -1.1489620104 -0.3950204952 -2.6230736090 -2.4736211108 -0.8729713330 -2.1429005573 -3.1417351329 -0.8344343133
 [793] -3.4832578105 -3.0392872614 -0.1966881078 -0.1588346104 -1.4594568560 -1.8347276154 -0.8858530376 -1.1853931188 -0.8963042122 -0.5706365069 -0.6564425635 -3.4452936660
 [805] -0.6420762806 -2.6161327561 -6.6993300864 -1.0218426111 -1.8394030339 -0.0622926618 -0.8700039914 -0.0218633246 -2.2056809123 -1.8408416619 -1.1463977830 -1.3637696143
 [817] -0.0686201277 -1.1128470914 -1.1854175865 -1.1390184267 -2.9768520006 -2.3966377452 -0.9170833767 -3.0788224276 -1.8645653751 -1.2731706472 -0.4763005810 -0.0706419754
 [829] -0.9182466727 -1.6746116797 -3.5766646603 -1.3576044438 -0.4421741046 -0.7202251218 -0.7739839108 -1.6228221125 -3.0581577254 -1.9096000607 -1.5994890329 -3.0584766714
 [841] -1.3724337077 -3.7912361247 -1.6225301516 -0.5112070869 -3.1538591161 -0.7711989422 -3.5134337767 -0.3946538431 -0.4294059234 -0.2223436221 -0.3657196464 -2.9764767760
 [853] -0.2059306061 -1.8194921303 -0.1758420851 -0.8291512613 -1.1147155798 -0.7108079707 -0.2484107662 -2.7607014142 -1.2671157287 -0.0018163086 -1.0932459039 -2.7703265743
 [865] -2.7019039471 -0.4469611677 -2.1112163856 -0.9301663950 -0.0147161057 -0.5957790409 -0.6869236330 -0.2598496513 -1.6241193283 -0.3580287372 -2.6192152906 -1.2569378536
 [877] -1.9987956837 -1.8956463824 -2.6245402179 -1.4926583886 -1.1844287691 -0.5441813754 -2.9445267171 -1.8842564857 -1.9773017651 -1.5538288222 -0.8302797979 -1.8927389983
 [889] -2.5378841100 -1.1703106454 -0.8515714284 -1.3070303018 -0.9342752478 -1.1142073888 -1.9420113313 -0.8981798242 -0.6697174958 -4.2374696836 -0.3216455435 -3.6410991277
 [901] -1.8455373933 -0.1912813259 -0.4171814212 -2.5195576266 -0.7308409197 -1.4855103580 -2.7203024527 -3.5972658600 -1.8800604827 -0.4737967126 -0.0211518851 -1.9046494983
 [913] -1.3221726072 -0.8183324215 -1.9183281159 -0.5287452512 -1.5954403620 -4.4569405005 -0.8752670658 -0.3217243118 -0.1473779770 -3.2704632236 -3.3393637744 -0.6634183097
 [925] -0.0709256593 -2.3186590599 -1.4187747331 -1.4735336023 -1.4322713484 -0.1713296612 -1.0987780710 -0.4071714695 -0.9215960973 -0.4414931460 -1.5171127751 -4.2665892294
 [937] -3.0668513269 -3.0668426195 -0.8342009010 -1.1422186472 -0.3972806547 -0.2353029134 -0.8426034005 -0.1059145804 -0.7979715060 -2.9314612537 -0.2702689390 -1.0885766005
 [949] -1.6661637464 -1.9602198985 -0.5400437294 -0.6433968747 -1.6395206485 -1.3089803029 -0.5282560450 -1.1270802423 -0.0415581857 -1.5280640523 -0.3778352308 -0.0413478391
 [961] -0.2651420223 -0.2745084094 -0.4585519707 -1.0563074309 -1.6822878491 -0.4175556842 -0.5031062130 -3.9022697362 -1.6351813898 -1.8210982521 -0.9836268441 -0.1171515541
 [973] -1.0485825578 -2.7953847117 -0.7869390477 -0.2871737141 -2.8548020721 -0.7836031296 -0.4595631477 -0.4717638045 -0.3460286646 -0.2319764470 -2.8481870701 -0.8467655241
 [985] -3.7236976717 -1.3808457968 -0.3651853671 -1.0075324472 -2.6476882719 -0.3805737151 -0.8203957918 -0.2361196725 -0.8517862036 -3.7131980847 -0.0573635812 -0.3400165508
 [997] -0.1543754436 -1.3020765219 -1.3376930341 -0.9189546382