> result = problem_6();
> print( result)
             0         1         2         3         4         5         6         7         8         9
F(y) 0.3678794 0.7357589 0.9196986 0.9810118 0.9963402 0.9994058 0.9999168 0.9999898 0.9999989 0.9999999
Zi   0.6331389 0.6778157 0.3628599 0.9941732 0.4037025 0.6533258 0.1480035 0.6234740 0.5154719 0.0324095
Xi   1.0000000 1.0000000 0.0000000 4.0000000 1.0000000 1.0000000 0.0000000 1.0000000 1.0000000 0.0000000
> result = problem_6();
> print( result)
             0         1         2         3         4         5         6         7         8         9
F(y) 0.3678794 0.7357589 0.9196986 0.9810118 0.9963402 0.9994058 0.9999168 0.9999898 0.9999989 0.9999999
Zi   0.5991251 0.7713393 0.4019631 0.6677070 0.9838479 0.2717418 0.9198892 0.3577888 0.9953859 0.6023965
Xi   1.0000000 2.0000000 1.0000000 1.0000000 4.0000000 0.0000000 3.0000000 0.0000000 4.0000000 1.0000000
> result = problem_6();
> print( result)
             0         1         2         3         4         5         6         7         8         9
F(y) 0.3678794 0.7357589 0.9196986 0.9810118 0.9963402 0.9994058 0.9999168 0.9999898 0.9999989 0.9999999
Zi   0.6424727 0.5812807 0.3074428 0.1270647 0.3965360 0.7945688 0.1242478 0.1000001 0.2847623 0.1479316
Xi   1.0000000 1.0000000 0.0000000 0.0000000 1.0000000 2.0000000 0.0000000 0.0000000 0.0000000 0.0000000
> result = problem_6();
> print( result)
              0          1          2          3          4          5          6          7          8          9
F(y) 0.36787944 0.73575888 0.91969860 0.98101184 0.99634015 0.99940582 0.99991676 0.99998975 0.99999887 0.99999989
Zi   0.30268441 0.46192723 0.50579402 0.53601201 0.10276928 0.38537780 0.28094099 0.01480685 0.64184833 0.36105888
Xi   0.00000000 1.00000000 1.00000000 1.00000000 0.00000000 1.00000000 0.00000000 0.00000000 1.00000000 0.00000000
> result = problem_6();
> print( result)
               0           1           2           3           4           5           6           7           8           9
F(y) 0.367879441 0.735758882 0.919698603 0.981011843 0.996340153 0.999405815 0.999916759 0.999989751 0.999998875 0.999999889
Zi   0.015150166 0.802918385 0.529421346 0.795238576 0.213864343 0.368822840 0.656552684 0.760033705 0.008780127 0.701998727
Xi   0.000000000 2.000000000 1.000000000 2.000000000 0.000000000 1.000000000 1.000000000 2.000000000 0.000000000 1.000000000
> result = problem_6();
> print( result)
              0          1          2          3          4          5          6          7          8          9
F(y) 0.36787944 0.73575888 0.91969860 0.98101184 0.99634015 0.99940582 0.99991676 0.99998975 0.99999887 0.99999989
Zi   0.77400227 0.67108912 0.63597979 0.18843770 0.76671235 0.86576192 0.19717930 0.04840750 0.09309677 0.81084654
Xi   2.00000000 1.00000000 1.00000000 0.00000000 2.00000000 2.00000000 0.00000000 0.00000000 0.00000000 2.00000000
> result = problem_6();
> print( result)
              0          1          2          3          4          5          6          7          8          9
F(y) 0.36787944 0.73575888 0.91969860 0.98101184 0.99634015 0.99940582 0.99991676 0.99998975 0.99999887 0.99999989
Zi   0.10890170 0.20024377 0.39901335 0.04245400 0.05231563 0.11347829 0.64929434 0.91818242 0.19865949 0.42323567
Xi   0.00000000 0.00000000 1.00000000 0.00000000 0.00000000 0.00000000 1.00000000 2.00000000 0.00000000 1.00000000
> result = problem_6();
> print( result)
              0          1          2          3          4          5          6          7          8          9
F(y) 0.36787944 0.73575888 0.91969860 0.98101184 0.99634015 0.99940582 0.99991676 0.99998975 0.99999887 0.99999989
Zi   0.05420716 0.81391113 0.78096926 0.37886366 0.34251907 0.79209244 0.93635644 0.48555771 0.01812755 0.37670006
Xi   0.00000000 2.00000000 2.00000000 1.00000000 0.00000000 2.00000000 3.00000000 1.00000000 0.00000000 1.00000000
> result = problem_6();
> print( result)
             0         1         2         3         4         5         6         7         8         9
F(y) 0.3678794 0.7357589 0.9196986 0.9810118 0.9963402 0.9994058 0.9999168 0.9999898 0.9999989 0.9999999
Zi   0.5809555 0.8895329 0.2782728 0.7730916 0.2445394 0.7504828 0.2574374 0.9404776 0.5195218 0.9688225
Xi   1.0000000 2.0000000 0.0000000 2.0000000 0.0000000 2.0000000 0.0000000 3.0000000 1.0000000 3.0000000
> result = problem_6();
> print( result)
              0          1          2          3          4          5          6          7          8          9
F(y) 0.36787944 0.73575888 0.91969860 0.98101184 0.99634015 0.99940582 0.99991676 0.99998975 0.99999887 0.99999989
Zi   0.08289159 0.98764454 0.09781767 0.83006226 0.53494362 0.93839610 0.11251056 0.51677818 0.82388963 0.75075497
Xi   0.00000000 4.00000000 0.00000000 2.00000000 1.00000000 3.00000000 0.00000000 1.00000000 2.00000000 2.00000000
> 